10
1	 94	 40	 100	 22	 39
2	 52	 333	 347	 31	 43
3	 94	 584	 694	 0	 22
4	 22	 651	 723	 54	 75
5	 78	 19	 115	 25	 95
6	 85	 320	 338	 6	 67
7	 94	 406	 512	 34	 37
8	 84	 124	 180	 3	 30
9	 25	 641	 725	 73	 76
10	 4	 645	 695	 20	 79
0	0	18	14	16	28	14	18	0	14
0	0	31	33	5	48	0	44	5	9
18	31	0	36	17	4	27	16	0	1
14	33	36	0	34	13	32	41	26	24
16	5	17	34	0	4	3	4	1	3
28	48	4	13	4	0	38	31	34	37
14	0	27	32	3	38	0	26	8	49
18	44	16	41	4	31	26	0	32	0
0	5	0	26	1	34	8	32	0	10
14	9	1	24	3	37	49	0	10	0
