7
1	 78	 231	 273	 25	 59
2	 21	 281	 311	 23	 66
3	 1	 127	 135	 16	 30
4	 6	 215	 219	 0	 85
5	 13	 268	 280	 24	 76
6	 51	 64	 76	 11	 57
7	 28	 248	 260	 24	 95
0	16	10	2	25	28	14
16	0	28	39	4	19	30
10	28	0	9	4	3	37
2	39	9	0	11	0	4
25	4	4	11	0	17	41
28	19	3	0	17	0	28
14	30	37	4	41	28	0
